#!/bin/sh

echo -e "\033[32m\012\033[1m"
cat << EOF

                                                  88888888888
                                                 88888888888888
                                               888           888
                                              888             8888
                                            8888                888
                                        888888                   88
                           88888888888888888                      88 8
                       88888888888888888                           88
                     88888                                          88
                    888                                             88
                   888                                               88
                  88                                                 88
                 88888                                                88
              888888888                                               88
            8888      8                                               88
          8888                                                         88
         888                                                           88
        888                                                            88
        88                  888                                        88
       88                 88888                                        88
 888  88                 888  8                                        88
 8888888                888  88                                        88
 88 888                 88   88                                        88
 888 88                      88                                        88
  88                         88                                       88
  888                       88                                        88
  888                       88                                        88
   8                       88                                         88
   88                      88                                        88
   88                        88                                   8  88
   88                       88                                   88 88
   88                        888                                  8888
   88                       888                                   888
   88                        88                                   888
   88                       8888                                 888
   88                       888                                  88
   88                       888                                  88
   88   88        88        88             8             88     888
   88  8888      8888       8                            88   8 88
   88  8888      8888      88             888           8888    88
    88  88        88       88              88          8888    88
    88                    88               88       8 88888   88
     88                   88               88     8888888888888
      888               8888      88       8888888888 888888888
       88             8888888888888       88888888    8888888
        88           888   88888888       888          888
         88   88    888          88      888           88
          88 88888 88            88      88
           888888888          88888     88
            888888            88888     88
             888              888888   88
                              8888888888
                              888888888
                               8888888
                               8 888
                                 88

EOF

echo -e "\033[0m\012"\
"\t\t\t\t     \033[30""mWOMBAT\033[0m\012"\
"\t\t\t\t     \033[31""mWOMBAT\033[0m\012"\
"\t\t\t\t     \033[32""mWOMBAT\033[0m\012"\
"\t\t\t\t     \033[33""mWOMBAT\033[0m\012"\
"\t\t\t\t     \033[34""mWOMBAT\033[0m\012"\
"\t\t\t\t     \033[35""mWOMBAT\033[0m\012"\
"\t\t\t\t     \033[36""mWOMBAT\033[0m\012"\
"\t\t\t\t     \033[37""mWOMBAT\033[0m\012"


echo -e \
"\t\t             \033[1m\033[3m\033[4m\033[32m(c) Open Kernel Labs\033[0m\012"\
"\t\t      \033[1m\033[3m\033[4m\033[34m----------------------------------\033[0m"
